25
100
15 20 20 15 10 30 45
2
1 0 0 0 0 0 0
100
100 200 100 200 300 400 500
3
1 1 1 1 1 1 1
1
1 1 1 1 1 1 1
20
5 3 7 2 1 6 4
10
5 1 1 1 1 1 5
50
10 1 10 1 10 1 10
77
11 11 11 11 11 11 10
1
1000 1000 1000 1000 1000 1000 1000
1000
100 100 100 100 100 100 100
999
10 20 10 20 30 20 10
433
109 58 77 10 39 125 15
5
1 0 1 0 1 0 1
997
1 1 0 0 1 0 1
1000
1 1 1 1 1 1 1
1000
1000 1000 1000 1000 1000 1000 1000
100
5 5 5 5 5 5 5
2
0 0 0 0 0 0 1
2
0 0 1 1 0 0 0
100
10 20 30 10 10 10 10
22
1 2 3 4 5 6 10
10
1 2 2 1 2 1 1
4
0 1 1 0 0 0 0
100
0 0 0 0 0 1 0